61 1999 3469 60961
397 907 3919 4567
7 61 1693 3181
89 2267 5879 55103
3 1019 21383 27941
1447 3229 9277 42307
11 3779 7577 12911
3 1667 5573 43019
2099 2393 3083 61211
59 2531 4889 8123
61 3463 6079 42397
7 1249 22921 34687
11 239 2459 55733
1367 1733 7043 7949
3 3637 5839 37489
31 991 2029 37663
2017 2689 4423 65563
7 1171 2161 49069
7 691 15877 15973
3 17 449 2069
89 809 983 33563
53 1997 16001 46307
3 17 2411 68597
151 937 15031 23767
37 1873 7963 8011
13 523 1129 72421
683 1499 22697 29837
397 2851 11839 15427
79 967 3511 34513
13 127 31573 41947
1123 2029 13297 38287
137 659 947 21269
13 61 8581 34327
311 1223 6761 8867
1973 2591 20759 47807
61 409 1873 49411
17 2741 4649 8537
179 269 16193 37847
3343 3391 17341 32203
29 3659 4157 22721
31 3037 8431 56053
1877 3119 31769 35543
61 1999 3733 67429
1033 1663 29221 32377
47 1931 9533 54011
61 2797 7681 22447
71 2909 9689 64019
7 1249 12157 20899
1049 2087 9029 57557
19 3847 5737 8929
61 1753 11527 60589
19 1249 8641 33331
19 79 5791 18517
199 3109 10903 15271
3 1481 22349 48731
7 691 1693 52177
1747 2671 28387 28843
241 421 3217 27823
3 271 12343 33679
1609 3613 3697 37783
1033 1543 12073 30853
3079 3709 10597 57667
257 2267 2939 39089
149 251 491 67049
7 61 25939 26893
59 1193 23189 35747
3 37 4159 30703
1951 3547 6151 22483
2141 2621 18413 43103
11 239 10247 62927
53 1637 32189 40883
7 1741 10837 50077
2593 3307 5443 7039
419 599 20261 21023
569 797 11243 36263
2399 3911 5717 15233
11 2843 8831 22397
1549 2833 28051 41221
31 3037 3331 5701
19 31 6271 8641
7 1399 3433 47869
43 691 9421 18451
47 1439 4337 54443
1277 1523 11399 44711
977 1259 5039 20177
1889 2087 23003 29399
67 2377 5743 10909
3 7 4159 55171
89 431 983 21467
3 2579 20759 22271
313 1231 4231 6037
157 3079 3709 57667
479 1187 15383 35543
11 1871 8681 19949
113 1217 2309 50789
149 2819 3617 26297
467 941 19793 25253
17 389 18401 34739
89 431 21467 32321
7 3583 21661 51061
7 1693 16981 22147
983 2267 6389 49253
3 2579 11177 39107
97 2221 5581 47119
37 79 25849 47917
3 17 25301 49211
3 17 2069 56663
7 109 673 34303
1667 2153 27191 39827
863 2357 8447 43331
3 7 109 29059
29 71 5237 62273
881 1373 14591 50159
43 613 6547 52177
401 3407 3671 7691
23 1607 5009 5849
7 61 15973 34159
2713 3889 13807 25939
1367 3467 5471 30557
229 2767 18433 44263
691 727 5197 8389
17 383 3359 20297
7 109 673 20887
157 2539 19843 36073
97 3373 4957 12697
131 797 2411 5519
137 197 6173 55331
563 1523 2909 44879
431 2837 9311 20117
7 1249 12157 34687
7 61 13309 31981
1223 3467 6113 26423
1021 3529 20857 25561
733 883 18493 55621
1307 2663 7901 33521
13 1489 9697 52957
1013 1091 19319 25439
59 2309 5081 15809
67 157 11071 15859
1033 1759 7417 19441
2477 2801 4073 45077
23 1481 31253 39671
79 3547 8461 33073
11 1217 12653 16937
761 3923 19583 40499
1033 1759 5233 19441
29 2309 8237 61781
3 11 2069 8219
1993 3457 5869 8209
3 1907 5099 22613
11 2069 2339 20807
1123 3919 5281 7489
19 79 1447 18517
1117 1327 4357 40093
673 1117 1327 23497
467 941 2099 25253
167 269 6053 33461
617 2063 14621 36671
79 3253 3517 8263
2683 2797 22447 37189
67 2029 2341 56053
659 947 5009 18233
13 3187 20173 34327
383 1721 3359 16871
7 61 30781 31981
173 2039 25643 35363
3 17 4019 55343
919 2749 11467 17191
17 2411 3917 18869
593 3203 3467 7949
7 1879 13183 38713
89 521 21467 35051
677 2309 20369 50723
127 607 9547 46687
971 2897 5501 24329
2269 3067 3373 49477
73 643 15739 24133
1597 3163 18523 34651
3 449 2069 14627
89 521 20771 48869
101 467 641 26861
1459 1873 3511 7963
2339 2543 16253 53129
61 3733 15643 32779
1451 1481 7823 26801
1193 3923 5519 30557
2141 2663 19421 47093
617 887 1091 15581
31 3037 3331 39607
83 1031 1811 10691
7 1693 22921 39301
701 1607 5471 8171
383 941 3527 9239
67 139 547 22039
347 443 983 9857
2687 3023 8069 14447
83 1619 5987 11447
37 79 14779 34501
79 3853 8887 49009
1597 2617 9661 41983
193 541 31699 34303
1283 1619 8513 8747
97 2221 4513 5581
3 1907 17489 41687
3 37 5923 7963
3 17 21143 38669
1627 1753 21313 30109
7 19 3727 5659
11 353 6791 35837
541 2791 15541 32467
7 19 433 71143
89 983 21467 40499
311 827 14747 20543
1381 1789 4111 9811
83 1619 2003 27299
11 701 7937 61757
1069 2203 6529 11353
43 97 1381 8521
3391 3433 6607 18427
3 73 6793 56263
331 1831 3769 25903
11 2339 28949 32063
47 1931 18773 28697
3 73 15739 19387
193 3457 13033 54319
7 853 8779 55213
607 3733 14629 24121
353 1877 10739 38711
17 1049 5897 24923
1097 3593 5087 19391
11 3779 12911 22397
7 109 883 13807
17 3191 20297 38903
59 167 7673 35759
23 2819 5927 36923
29 401 7589 65717
67 3637 7639 22129
137 353 12143 12269
3 331 24799 48259
43 691 16519 18451
3 59 1193 35747
839 1109 3923 55373
151 397 4657 7933
59 2099 5717 50093
1151 1481 4127 49037
853 1279 9781 12049
2713 3889 25939 39511
151 937 15031 21247
73 607 18523 25243
3 7 15313 54037
3 7 24847 25189
7 487 21661 51061
47 3617 3923 10313
3 617 4253 22109
47 2027 5483 10463
31 907 4357 50377
3 73 19387 41647
7 61 1453 61471
37 313 991 41113
83 2003 5039 61151
7 19 1249 3727
17 2741 14411 20123
1217 2309 7817 8861
41 1259 14741 28307
7 433 19681 30187
1051 2017 8311 11299
97 2017 12697 35419
41 1613 1637 27191
29 2441 4787 22709
1889 2777 8291 9533
1249 3727 6949 38449
457 1597 5503 39451
67 3637 22129 45061
3 739 6793 27823
463 2473 3001 46381
101 1979 9413 23021
71 971 16871 53129
7 937 10321 12973
131 1217 34367 35879
179 1451 10463 37571
31 1153 2383 36433
47 1283 3617 71171
11 2297 4967 7127
7 2269 8779 56923
89 431 983 11489
1303 2143 8863 38149
37 2137 6133 32173
59 3449 15359 38501
3 719 2579 20759
383 3359 15791 20297
13 19 709 20173
3 7 10627 29587
7 823 8101 27823
109 3943 21727 42937
11 251 12911 15731
283 1321 11821 57601
113 3659 9851 13697
1523 1913 5483 42677
7 1237 2341 12409
17 2741 6899 18371
89 443 983 68213
151 937 15031 37957
7 97 4507 28027
3 7 4729 65257
23 827 4463 29027
13 19 9721 13999
2441 2543 5147 15329
953 2027 10463 46877
3 3049 19819 41443
1657 2203 14449 40867
7 829 20857 30853
2647 3793 13219 21277
3 17 13763 25343
1117 3229 4993 33073
13 2347 12277 27481
47 3191 15413 26387
193 541 9439 12043
7 2671 11617 19597
241 691 727 61153
3229 3463 20743 42307
7 127 9043 28069
31 1447 20599 49831
11 239 1049 1847
2243 3539 19457 39749
773 3701 5081 54419
3 73 607 18523
19 2113 4507 45553
23 2003 3557 58913
43 1051 2389 9697
23 2591 8423 19433
7 433 13177 19681
11 1973 11057 14759
3 2503 17923 46141
2179 3253 14503 20719
3547 3643 9817 43801
127 157 733 33037
3 1663 5449 37021
137 197 947 21269
3 1663 20899 37957
907 2731 7993 31723
7 2467 8167 25111
1049 2297 10037 11171
73 3391 5107 47563
251 431 2417 42989
29 683 9311 12641
11 23 6329 7331
1129 2473 3001 19381
1013 2543 19973 41057
67 1831 11491 45553
1297 2293 2671 69337
83 719 7079 12119
13 1129 8629 60811
59 1193 9341 35747
431 983 11489 43391
97 3331 7927 44089
281 719 12569 20759
397 2251 2593 7927
29 2477 24023 42461
1117 3067 28753 38287
3 2503 5869 59509
941 1709 3137 9923
281 797 20759 43607
31 1447 4441 28579
101 383 35603 36821
3 229 613 49177
73 547 643 30391
3 7 109 673
283 1237 1657 9931
821 1109 6521 8663
3 137 21569 41687
1123 1453 14551 27277
3 7 4729 24847
2017 2689 20593 41077
317 2801 12011 43499
11 239 13103 39521
53 1229 6353 25169
283 1321 3001 6607
2503 3391 6079 60763
43 1867 4111 12157
151 397 4657 48883
31 181 17923 52249
1453 2437 3361 24889
23 47 2333 5927
43 1693 3373 12697
67 1063 3499 70321
47 521 5381 60209
97 1279 3691 32839
97 1093 3331 70951
241 3823 4549 61153
439 613 13789 38569
3 2503 5869 43627
17 3347 4703 18869
29 3767 4523 6911
1523 1913 5483 24677
7 541 2467 8167
1151 1607 20939 22937
7 19 97 4507
653 2003 7211 15959
1319 2243 2789 4133
1439 2579 4007 15173
1097 3593 13469 19391
23 3083 4931 29027
199 739 18181 33829
443 3449 20063 38729
3391 3643 6607 59377
3 11 701 53777
953 2027 15263 42899
97 1021 9787 64399
2017 2689 4423 8317
19 31 4723 70201
1181 1847 2687 8069
757 811 10567 49417
7 691 15973 38791
23 2633 5051 61253
73 643 21757 25243
11 23 1871 8681
3 191 22079 45263
7 3613 14029 37897
61 1753 11527 21121
7 1237 1549 3019
1553 2549 7211 29333
313 1747 4231 6037
1063 3001 3499 9931
11 1217 2843 12653
19 577 937 36871
53 113 5333 30491
29 347 401 74297
3 3469 14107 56989
97 379 1063 25801
2377 3067 10909 32497
67 139 5743 36523
101 719 12413 19553
1109 1889 2999 57089
401 2441 3671 7691
1667 2267 16883 52583
47 947 1439 4931
521 1523 2447 7907
1597 2731 3301 10531
281 719 12569 60521
1951 3547 6151 41911
641 2957 23459 43517
491 3917 4211 64433
3 67 5923 59167
7 2617 5689 19333
11 239 3467 5807
101 641 26861 34757
47 521 5381 30389
127 157 22159 30307
11 1217 15551 38237
421 3217 15649 17377
1979 2693 9833 13217
11 743 11057 62303
127 271 6733 9043
37 2269 8779 48541
487 1567 2311 59167
337 691 16519 47317
7 433 4441 62233
2179 2917 5227 35677
109 3529 9619 60889
3 137 8219 22067
7 1399 6481 50131
2089 2953 3643 67819
7 691 21991 23293
23 827 9461 29027
379 1423 16189 57727
491 2459 5843 29153
3 1237 6571 8713
631 3889 13597 51769
3 541 17209 24781
233 1583 7043 7949
3 59 19937 44483
2659 3169 14503 39439
239 1013 1091 19319
19 1621 3943 70201
3 373 1531 55609
3 1481 22349 39671
3 31 1237 6571
11 587 24593 34667
43 2749 26683 44101
1777 2017 9787 59167
1483 3457 5869 8209
3 2411 4919 50549
7 229 433 18433
113 131 1217 35879
11 353 8219 35837
11 239 1091 56249
3 359 13763 27779
7 829 27997 30853
1249 3727 20899 38449
7 1861 3709 38713
1753 3847 5197 8929
7 433 3613 9613
3 3923 4919 8783
7 229 5659 37501
47 2333 5927 16253
1289 2801 20177 43499
23 509 11321 34337
61 1999 16567 41659
17 1553 7883 57221
11 701 7541 8747
1283 3719 15017 30707
59 1973 11057 59399
7 19 937 36871
1201 1303 12757 20899
211 271 16561 44839
47 1481 4211 8963
157 733 9421 33037
17 2411 8447 16217
3 59 1193 75227
293 311 827 31721
1597 3823 11833 44293
11 23 27239 30431
17 83 13763 51719
1103 3041 6317 7529
137 197 947 20543
1709 3137 9923 50627
2837 3617 15461 23339
2539 3463 17029 29947
2927 3137 29147 39869
167 911 17231 45503
97 379 2221 5581
73 2521 4759 30517
743 4001 12569 29243
13 1543 3967 36493
199 3259 18013 44917
47 1301 5669 62969
3371 3413 5009 24077
17 2741 6899 59729
401 3671 7691 14537
409 1741 2287 56401
31 2029 15907 57397
383 3359 7853 33149
443 3449 20063 51239
79 613 5581 18793
1709 2393 11003 37463
281 509 1973 20759
83 2003 8171 27299
1283 1619 4127 7949
79 1801 3253 3547
631 739 30313 36067
59 197 16349 19289
3 17 2069 2297
2063 2243 2411 44543
1427 2339 32063 33629
29 2309 22721 38333
2131 3541 12919 43963
1973 2381 10781 44129
37 2179 5857 28393
461 677 12527 17189
11 353 6791 8831
971 2897 5501 66863
43 691 1693 52177
3 7 22921 24517
3 541 22573 24781
239 509 4241 23099
353 3203 8219 35837
167 443 10181 15053
7 541 12433 20887
2017 2689 20593 43933
223 2551 7537 22171
7 2467 13477 17659
491 3947 8861 28109
43 271 4111 33391
7 757 21991 29761
127 1033 11161 22291
47 2027 10463 46877
1447 2803 3769 4051
3547 3643 5449 9817
17 2741 3917 6899
3 373 823 15559
151 433 5281 52783
991 1171 18493 26683
3 2503 5281 5869
19 709 20173 26263
17 2069 4637 14759
293 1493 5189 38711
11 1049 11057 20807
41 1031 3533 70289
83 2411 25013 36017
19 31 1237 63103
3 7 21397 54973
37 2377 4159 55849
3 1663 14107 37957
73 2467 6277 63691
2131 3541 20563 43963
3 17 449 6353
17 2741 8537 40169
2473 3001 18367 19777
547 643 18757 31147
17 2741 3917 4649
181 607 12889 44851
13 103 17401 41203
7 2341 12409 18433
241 727 1867 61441
1847 3863 4007 56843
89 137 12791 22937
7 433 28729 42967
13 61 331 19543
211 271 25633 26431
109 859 33301 39727
547 853 23593 50599
83 3659 23981 36017
23 2333 16451 33647
11 2069 8219 60077
1597 3163 8527 25057
937 2791 18523 48847
7 937 5437 44221
1409 1499 9221 40487
127 607 9043 46687
29 383 22721 47123
41 1823 8069 33119
467 941 2099 19793
691 907 17299 32647
7 61 11617 56179
17 2027 18401 34739
457 1597 19447 39451
3 73 6793 15739
37 2707 4909 5857
883 991 18493 55621
311 821 827 8663
673 1327 22921 41143
1889 2087 12011 43649
739 1381 22129 24247
311 827 8663 31721
41 2333 15101 52901
541 3631 13537 30253
47 3833 6911 13001
53 1637 4649 64613
47 2393 8069 41579
53 1847 3011 61673
421 661 5641 54919
7 2287 8101 27823
61 1693 2371 58771
3 947 5051 18233
743 3359 29147 40529
809 2927 9227 36809
167 3719 4271 28001
41 257 2939 66809
89 431 13043 31079
37 79 9859 34501
1201 3769 25147 30181
1087 2179 10453 18289
139 547 709 22039
61 3169 3733 56131
3 59 5381 13931
7 3019 8941 32299
409 1471 4561 8779
229 433 3391 24481
653 941 14243 56099
7 229 433 28729
7 547 10321 55171
599 1907 12227 20183
7 61 2341 13309
83 719 773 12119
1423 2137 20407 38971
3163 3571 11329 41647
61 3181 11587 44371
13 2383 5431 8599
7 1171 12301 27823
7 61 15643 59113
857 2693 4079 13553
47 3923 10313 33857
509 647 1019 62591
1789 3907 9619 13003
7 2341 12409 13309
3 31 5281 27823
179 1787 10457 49391
2267 2729 10973 12659
13 2287 3187 50857
3 37 67 2377
79 241 3511 53527
3 37 17209 28051
101 149 7193 43223
7 487 3433 26701
389 3137 8513 17387
2671 3853 18457 37363
359 2243 3539 47381
1063 3001 3499 25801
3037 3433 6607 8461
2347 2749 30637 38593
37 1321 7537 57601
3 11 2069 2297
3 31 1237 13399
3 1193 3923 61469
7 2161 13147 22639
443 1811 6863 8699
2083 3511 12451 47149
733 1249 8641 15061
101 2633 2699 4337
47 2333 5297 49139
599 1823 15629 41603
61 751 14887 19423
7 487 3433 35983
467 587 617 9473
7 2707 4507 34159
409 691 6199 50647
19 31 8641 33331
193 883 25087 36847
43 613 6967 58441
59 3083 4931 17903
37 1069 1321 14779
1103 2927 13457 35081
389 2333 3137 14867
2269 3067 3373 40771
23 1493 16451 33647
1721 3347 8273 14771
7 19 97 3727
79 3853 18979 29017
199 379 751 40423
283 1657 6397 33013
7 3583 10837 26701
137 587 30677 34667
3391 3643 6199 59377
7 127 6949 7723
1481 1733 8807 18329
3187 3229 9151 21019
17 2351 12197 14423
1531 3169 29311 41011
3343 3391 17341 29473
419 701 12953 21017
3 7 14851 55171
79 367 1117 8887
7 829 27997 38707
1907 2063 2243 62081
139 709 11497 22807
2141 2621 11813 43103
47 521 27617 47129
281 3191 14423 28619
61 3463 5869 38299
1303 2953 7309 58321
71 233 13907 58367
1123 1453 5281 56929
7 1171 12301 58099
701 3581 14411 16217
17 83 5897 24923
23 743 1871 6323
311 821 827 55529
547 661 769 52861
23 89 2357 50741
7 547 20947 35311
3 1907 33941 37511
661 877 883 38197
599 941 12959 23333
7 3727 6949 64783
1153 1699 6691 7507
3 37 3049 48883
47 947 9419 38561
1117 2797 4561 57223
3 7 25189 34057
17 2351 12197 62129
1181 1601 15017 32321
1049 3701 4493 65129
59 2099 8093 34913
29 569 11159 12227
1783 2953 4273 8461
1051 3067 21787 41143
71 3863 9203 30869
3 37 6529 30703
37 313 14827 48973
3 7 9901 22921
3 37 1237 8713
1103 1733 2927 13457
3 7 673 22921
109 1609 4129 67843
1721 2297 15287 49811
59 2531 8123 16943
733 1249 8641 20899
31 1153 5179 9439
2269 3067 7489 49477
1451 3761 22751 29147
17 881 15761 50159
59 167 16943 32411
199 3259 5107 51427
29 71 21767 53129
17 2351 12197 27749
179 1451 2039 10463
227 827 1721 21767
37 1447 4093 57367
3 1699 6571 8713
89 431 20771 31079
1753 1951 3547 3643
73 3391 5107 51229
73 757 25471 43321
29 71 9239 62873
433 1471 16831 17431
7 541 20887 52639
151 397 4657 38593
1193 3923 5519 61469
43 3373 12697 57637
17 491 12197 63977
373 1867 14923 36037
7 433 9901 48337
19 31 991 8641
3 7 2503 73063
223 337 18757 43579
2441 3671 5381 9929
11 1427 2339 32063
239 1049 1847 7523
3 1181 8669 54983
43 97 3373 12697
11 941 8681 23279
7 937 10321 44221
109 859 3943 25153
1217 2309 5081 7817
59 2903 19937 28229
13 2113 9439 21157
499 1009 7393 16843
677 1283 5807 7949
37 67 5923 20947
13 19 6991 9697
1097 3533 10709 30893
73 2029 11287 31237
11 23 6329 20807
71 2909 21767 49613
313 727 9187 49459
7 19 27271 44071
3 17 2297 62987
3 331 739 8431
941 1229 1607 19919
3 73 9241 19387
7 433 3613 21739
11 239 1049 11057
53 419 29501 34757
317 983 21467 34217
89 431 5903 11489
487 601 27919 29983
1237 2341 6571 12409
709 2647 8737 26263
853 2917 21499 43717
31 2311 4549 8287
67 1039 3637 22129
883 991 18493 26683
83 3557 9437 30677
701 1187 15809 39791
79 3547 5449 22129
7 3019 7351 9613
3 37 3049 72271
43 2749 19963 27943
2237 2411 19553 34319
3 3119 9887 36263
1319 3533 4133 10169
13 3967 7927 36493
3319 3613 18973 43627
71 821 1163 5849
83 443 5897 24923
3 1667 22877 39161
13 19 1861 29287
23 509 5483 11321
101 149 1979 58199
7 2953 4357 41941
199 3259 5107 44917
1619 3677 12269 35603
379 2221 7873 42937
439 541 24373 28771
433 3529 7393 11173
971 2699 8039 16319
3 7 10459 27823
467 587 617 6323
19 2113 4507 18451
3 3119 33023 39827
7 487 757 51061
7 19 8941 51133
383 1721 16871 49811
211 271 8269 49069
73 643 18757 24133
1223 1433 8297 28793
101 2657 18191 31547
3 3931 17029 45817
7 547 8311 65827
19 31 9049 66463
13 2851 4951 9697
109 2389 7351 9619
11 23 1871 8171
673 1117 14593 23497
163 613 883 15973
11 1103 2927 35081
239 509 947 57077
367 1117 13759 61261
1873 3511 7963 8011
149 1571 2819 29363
53 2069 4637 30803
521 1523 2447 44879
41 257 1823 33119
3 3119 9887 43913
3 3301 13879 21193
3 3119 9887 38609
71 263 821 55529
193 1627 10267 57073
3 37 4159 17209
73 757 25471 26017
827 1871 14747 25667
3313 3733 6421 38197
67 2377 10909 40387
1237 2341 12409 18433
127 271 6733 29383
7 2719 14563 34807
179 1487 16649 42443
719 1439 2579 34211
11 1217 1427 34667
263 443 23537 39371
1451 3761 27299 31319
7 61 1999 60961
61 1753 9007 50377
59 2351 5519 56003
19 1039 6709 18517
7 109 20887 29059
373 661 1237 20011
47 2963 9371 25247
503 653 11273 21647
7 2089 3181 4219
61 1069 13309 31219
89 293 2777 60293
347 983 11489 63467
379 877 14983 56437
3 1237 17599 25747
1049 2087 9029 12011
367 1531 5059 29881
223 1447 15331 16633
911 2657 21143 29411
1459 3511 11113 46351
3 17 4019 29789
3 59 22067 53117
3 1667 5051 39827
283 3529 5851 22621
281 509 797 20759
47 1931 5297 29567
1447 2833 5683 20161
7 1549 3823 31219
17 2297 7127 20639
1151 2789 12197 27437
7 109 4567 18433
3 359 9887 48221
7 1249 3727 6949
7 1471 8779 56923
349 499 2707 14281
17 2243 7487 51719
2731 3571 11329 48049
73 571 20359 49171
1447 2803 3769 35023
1283 1667 9137 52583
13 1381 9199 58477
137 659 947 47837
79 1117 3511 36571
11 113 6719 33851
7 2161 6949 22639
7 1879 12301 27823
13 19 9697 12277
79 367 613 15643
7 547 853 27241
653 659 14087 27611
3 3931 5449 17029
677 2309 4451 20369
7 2161 12511 24967
1009 1933 17107 41413
1583 1877 2447 6113
2273 3041 5897 33773
569 797 11243 63689
313 1231 12907 14683
367 1117 8887 9601
127 2281 6361 6481
1583 1877 6287 13037
89 2267 5879 34283
59 1163 13931 20483
181 757 22921 50383
97 379 1063 41863
7 2707 14503 34159
691 2131 3541 20563
19 79 9679 10687
659 983 10007 29027
739 3187 18181 33829
797 3461 11069 32693
11 1091 1949 34871
829 1033 27997 30853
7 2341 11701 55681
197 1637 4073 49451
1217 2273 8861 53381
941 2099 19793 25253
23 2819 3617 7607
3 37 1699 8713
83 2801 16619 39887
3 1663 5449 65293
43 2251 4111 12157
7 3823 7417 11617
1987 3499 8191 17977
2339 2543 12893 53633
659 3371 5009 24077
163 367 613 19759
1753 3847 8887 15277
7 2467 17659 53569
1307 3989 5927 33641
7 2269 9337 57751
3 31 3301 27823
691 3229 19417 38767
3 7 823 27823
2843 3947 17909 32183
3 73 7159 21757
43 1381 4111 25639
73 2467 9601 63691
3 31 4159 17209
17 389 4703 70157
31 2029 18253 37663
1231 2689 4507 19309
1451 2699 3413 3761
313 619 14683 16111
1033 1543 12073 22381
157 2713 12583 30427
1279 3463 5479 63541
47 1931 2399 14447
43 1777 24373 35281
79 1801 3253 57283
109 673 34303 38671
31 1123 2029 5281
89 3917 4211 64433
419 449 563 5297
569 1601 9203 49523
83 3557 19391 50261
71 233 1583 34511
3 467 4253 16937
11 23 5849 8681
3 3461 22613 48731
193 1723 3457 54319
1993 3457 8209 29959
59 1289 3767 8933
47 2063 16529 21737
23 47 1481 4211
1453 3049 9787 28759
47 1091 4931 9833
17 449 7109 26003
269 617 887 2741
43 613 6547 6967
7 2269 3613 5821
13 1129 9697 43651
347 443 11717 24317
13 1231 2689 70297
1523 2447 5813 7907
419 599 21023 34499
709 967 1663 65203
1307 2663 33521 36479
677 2309 4451 6257
73 571 1933 49171
127 607 9043 28069
229 3391 6733 11491
3 7 541 4159
7 2467 13627 52201
743 1097 6323 42299
23 2699 29879 39671
1549 3823 5209 31219
3 31 17209 46399
3 7 24517 38791
7 1471 3613 53197
1733 3917 20183 29363
151 163 16369 37957
3 17 26561 38669
101 719 12413 62351
853 3697 14479 15739
1453 1669 2593 46933
7 1249 4441 34687
11 1103 7529 62687
3 11 2843 53777
127 157 30307 33037
31 1279 6271 8641
313 991 21163 37309
229 613 4021 6733
7 2467 5689 47497
3 701 8747 46589
317 1697 10391 45377
139 1597 10531 50971
1307 2357 7901 33521
11 1217 15551 31121
37 79 2689 72733
41 227 593 56093
7 19 8941 25867
37 79 5449 63247
7 61 487 63601
7 283 1237 22639
73 1117 7591 31237
3 17 23027 25343
61 2383 25309 42649
1231 2689 4507 12907
1699 1759 28279 28387
11 701 8747 11351
307 3547 9319 46153
1759 3847 12049 33721
1381 1657 8017 10627
881 1373 1499 10487
2819 3617 16001 49253
29 179 9311 12641
3 467 617 4253
409 3163 14851 28669
271 3457 12109 40459
563 3119 21569 44879
743 4001 12569 20759
3 17 13763 54377
1097 3593 19391 37049
3 2143 13399 35281
349 1237 9973 22639
67 1201 3637 24007
401 3407 3671 58427
1289 2801 4733 43499
1259 2213 18059 34649
17 449 6353 9923
3 1019 2957 70373
11 251 15641 21011
1721 3347 8231 8273
163 2647 12739 42433
3 1019 21383 22349
7 757 11437 34159
79 367 7207 17341
97 1783 8209 24151
1217 2309 5081 24359
431 1193 30137 32321
587 3851 11981 44531
491 1409 23819 38393
11 353 4967 5849
761 1889 12527 19697
677 827 1871 73331
491 2447 6323 33353
73 757 10651 31237
3 7 673 65293
7 433 9901 42457
47 269 8573 35201
157 2239 11719 60103
7 691 15973 21991
3 3119 9887 48731
11 239 11057 62303
83 1697 9887 49787
1381 1657 4111 10627
137 197 947 50111
1217 2273 8627 8861
2647 3793 11731 21277
7 3019 8941 51787
199 811 3109 15271
743 947 1097 66821
13 103 10039 56911
67 619 5419 7687
29 683 9311 49223
3 7 19237 25189
113 1217 24419 50789
223 2551 17377 22171
1753 3847 5197 15277
3 2411 4253 37049
7 1741 7489 14029
3 7 9901 61441
3 37 67 5923
2273 2609 8297 14387
263 1049 9323 33617
233 911 4337 23831
3 823 5281 27823
101 1733 2657 27431
31 2029 5701 9439
1283 1667 6287 9137
2063 2243 5477 6599
3 373 19993 52837
47 269 25667 34949
19 3727 6961 8623
31 3037 24469 36571
797 3461 3659 11069
3 31 6073 41443
137 3989 9239 9491
3 59 5381 42239
311 1223 6761 27917
457 3631 8923 14083
1783 2791 12391 23773
211 271 10513 49069
11 2621 13421 48527
13 829 12517 17683
3539 3671 10181 27941
631 739 9463 20719
167 2087 17231 41801
269 617 4001 17609
1823 3461 14423 51929
1787 3761 19661 41231
809 3209 26693 33791
3 191 5099 22613
47 1481 5639 41813
7 487 3433 34687
23 47 4211 5483
17 491 3917 62213
503 3593 5021 28631
71 947 3491 37589
31 3301 6343 31699
83 2687 9551 62303
43 1693 15607 28123
3391 3511 9439 54919
73 3391 5443 47563
313 1231 14683 16111
13 19 577 28219
13 2383 6733 8599
283 463 3001 9931
3 2789 31973 33563
193 433 883 31489
7 541 2467 19801
43 271 18661 57259
311 827 2909 34283
3 3119 9887 39827
907 3919 5503 16141
1193 3923 9377 25463
67 2029 5419 67213
13 127 9547 31573
3 3301 13879 52021
2081 3323 4349 12713
3 541 4159 17209
137 239 17909 36137
7 757 26641 34159
307 1381 26161 46153
7 3019 9613 32299
67 1933 7639 9907
409 691 6199 55927
3 499 2707 54727
11 743 11057 22133
157 3217 35221 37693
467 587 1571 49877
239 977 5039 20177
1523 3203 19163 41051
61 1483 2341 9511
113 149 27509 41579
89 431 983 13043
79 1117 25609 36571
179 743 2309 31601
521 2447 7907 36083
11 2339 6047 55901
293 467 617 9473
11 353 4967 8219
17 2213 25931 38903
43 1693 18661 52177
701 3581 14411 47507
29 71 5237 6563
331 1831 3769 67807
59 3851 7673 58061
127 607 9547 58309
3 37 2377 4159
61 3637 13309 33871
101 107 2633 27539
29 683 6047 9311
19 1699 7507 12577
3 17 449 6599
809 1361 2141 3947
37 1951 6823 15031
61 1951 3733 41341
3 31 4159 41443
3 2503 5869 23251
19 1447 15619 30427
71 2909 9689 49613
1621 2851 3313 65539
1061 2711 9923 44123
79 3253 3517 57283
3 2411 27737 44543
677 1217 2309 50723
1321 1381 26161 46153
89 137 14621 36209
1439 2003 5657 6983
3 1627 3769 21313
61 1951 3733 28069
3 73 7591 29587
661 1237 19819 20011
1289 2801 4733 7919
7 1693 3181 40387
89 2267 8147 27143
7 2089 2953 3181
37 3049 7297 47917
733 883 991 18493
1051 2713 3739 13807
2441 2543 5147 40277
331 739 30313 42283
857 1973 6131 14771
7 19 27823 36871
7 2467 19801 47497
23 2357 6323 8237
11 353 4493 35837
7 3823 4201 19237
193 1723 3457 31513
3 3931 20149 41491
499 3343 7687 50683
3 59 5381 62459
3037 3433 4987 8461
29 71 6563 67967
23 89 2357 6323
17 2741 8537 47303
233 239 19319 55733
53 197 1637 49451
7 1453 7417 24547
13 1489 8629 58171
379 2221 14713 42937
311 2141 11351 56207
17 83 5897 12197
17 449 2069 72167
389 2309 6257 61781
1471 2221 34369 36709
317 1601 9257 9749
53 113 23027 39563
761 1889 23561 31277
7 1693 14797 43609
97 2221 7681 66103
877 3727 5659 52363
3 73 6793 41647
7 1171 2161 58099
1621 2767 3187 7477
1451 1481 6869 66173
61 3463 6079 38299
67 1609 18211 29683
1039 1663 14143 50647
7 2269 8779 48541
61 1453 3049 16111
37 1069 18397 52561
23 773 9461 44753
331 739 8431 17911
467 2099 19793 25253
3019 3217 19483 33493
41 3527 4457 50441
43 1867 4111 25639
11 251 941 42863
317 983 33479 34217
67 3943 5581 49783
283 3529 13339 16699
1217 1427 5477 34667
1373 1511 10559 17903
3 3637 6871 49369
137 239 947 44021
1627 3463 10267 21061
23 3557 5051 23369
11 2459 8423 29819
1289 2039 29303 42839
19 31 1237 62347
241 3217 19681 20731
19 1699 5791 17569
2287 3187 8101 57301
3 31 7591 8431
7 829 24631 28477
251 971 7919 34217
199 3259 4327 5107
43 1693 15607 18661
151 937 5281 21247
73 643 15313 39841
79 1117 2797 33073
3391 3433 3643 6607
1583 1877 2447 36683
7 61 1453 33871
47 521 5381 38561
73 1117 3823 28753
7 673 19009 47977
2243 3539 19457 47381
7 61 13309 31219
79 397 5791 32083
59 1163 9479 52391
163 367 4597 5563
113 2309 8237 61781
293 311 5171 56009
661 769 5503 54919
13 829 9091 17929
1061 1229 17579 41513
167 2087 17231 36383
827 2267 35363 36833
67 1039 1999 12421
283 1237 1657 33013
1163 1877 2447 12197
307 2269 23761 28057
73 3391 5443 30223
29 2801 3803 39227
13 3583 12517 26053
1123 1399 3433 47869
599 941 21803 23333
23 1871 17747 48809
1399 3433 4987 8461
359 911 22391 50951
7 1879 2341 12409
59 1289 2237 13241
1523 3203 5279 6827
3 37 2707 30703
41 2333 2339 52289
59 419 2087 66413
47 1283 3617 10313
1307 1979 13523 25523
7 1249 3727 20899
47 1481 5639 8963
1723 3319 28183 32917
3 37 4729 7963
3 191 2069 8747
3 2789 6563 41879
139 367 457 58129
983 2399 20939 51329
1019 2999 17789 42677
37 199 1153 34501
283 1321 11821 29167
7 823 10663 10909
607 1693 24121 36931
11 239 11057 21011
719 947 36107 38333
1279 1459 5437 63541
73 643 15739 47149
7 3709 15679 55171
59 2609 29303 30497
1721 2297 20549 49811
353 3371 5849 42737
1009 1933 23071 35449
3 37 2377 10243
43 1213 8521 17569
71 3833 5657 26891
89 3917 5987 53993
7 433 9613 28729
3 37 7369 30703
89 3917 5189 38183
43 1051 4813 66889
61 3181 11587 60793
19 937 5791 36871
3 2503 7591 52021
3 73 6793 7159
1303 2953 7309 28711
17 881 10937 28409
1693 2551 11953 53161
3 11 701 8747
53 113 24623 30491
29 2477 2801 39227
181 499 7687 46399
83 449 6491 7583
433 3391 12547 41479
3 331 3637 52489
1087 2179 10453 19423
7 1249 34687 34807
887 3089 5303 63737
7 1249 21283 34687
2843 3947 15137 32183
37 3049 7297 20947
3 17 2213 50159
23 677 827 1871
3 7 541 74317
101 383 24977 36821
733 991 18493 55621
59 2099 10559 61979
19 1669 6661 27067
1847 2687 4007 8693
43 2251 4111 9349
7 61 5821 59113
227 593 9839 56093
13 1489 21379 40153
59 1319 5981 9341
71 887 1427 59063
241 3823 4549 15859
277 331 6427 42349
59 1163 9479 11057
1801 3547 13537 33739
1709 2333 2843 8831
3 7 10627 51061
1709 2213 19181 51551
13 1543 3967 8053
499 1009 16843 27901
11 2621 12569 57641
191 2903 20201 37799
71 2909 25121 25673
1051 3709 15817 44089
13 127 6733 7993
47 2063 6599 9239
1709 2333 2423 65393
83 2729 13457 30059
11 23 3083 8747
13 19 23893 26053
907 2383 6733 62653
349 2341 23557 37117
3 59 1193 14627
3 109 25153 32569
7 1879 12409 27823
7 2617 19333 41341
19 31 1447 30427
2347 3049 21247 28597
23 2633 7547 61253
89 107 1061 4973
59 2903 19937 24851
7 1249 34057 34807
109 3943 14083 21727
3 137 17489 41687
61 3733 22273 28069
1789 2683 5023 34351
11 1103 5807 6329
241 3217 23581 28411
3 7 2503 25189
11 2843 8273 53777
89 821 6521 8663
419 443 7757 7883
7 853 2269 8779
181 199 751 43051
241 421 3217 45841
467 587 6323 55589
1223 1433 12893 37547
3 3923 18233 32309
3 37 7369 26881
2539 3229 17509 33073
2617 2857 24499 41983
1453 1669 4651 46933
29 2081 5441 53201
83 719 7079 46619
3 449 2441 10169
97 967 5011 56437
41 3533 10163 22973
521 1523 7907 21317
37 967 5779 8761
7 2161 18457 24967
1627 3769 21313 30109
37 1321 7537 30319
1319 1637 8039 14633
547 661 1237 20011
3 37 4159 16759
3163 3571 14143 25057
17 83 19841 56591
7 853 8779 62989
2399 2663 4457 21863
61 1951 28411 41659
7 3583 8779 37657
521 1229 7907 18947
3271 3319 17107 47221
79 967 1117 3511
3 31 8377 13399
857 1973 6131 20441
31 2887 14431 34543
11 239 1091 1847
809 3947 4679 5393
61 2797 5449 33343
283 1657 9931 18793
151 2281 18973 27457
83 701 8171 49433
17 2741 18371 28871
349 2341 23557 43963
13 1861 12211 41203
1493 3623 18401 20921
89 1409 5387 15083
7 61 13309 33871
2179 3631 5119 19927
7 283 16087 22639
229 2221 24247 27337
59 167 18371 35759
71 971 16871 36497
1847 2423 3863 45161
41 1013 7187 7331
1949 2663 5669 27527
1031 1601 2207 15017
41 1031 3533 38543
47 269 13697 42359
19 1669 8599 12457
541 2887 6709 19477
7 2467 8167 17659
17 2657 20639 21143
2633 2699 23447 27017
1327 3853 10273 13297
7 1171 10459 27823
1453 3049 9787 16111
3 2503 17923 23251
3 2789 14543 32309
1171 1303 9109 48271
3 109 15493 18289
11 1103 5807 25469
137 587 7127 30677
7 853 8017 8779
1163 1877 2447 57179
31 991 3571 37663
37 1549 2707 3463
3 359 26171 48221
347 443 9857 50333
3 31 12253 46399
23 3083 9461 29027
613 673 7177 52177
19 31 1237 6271
1549 2833 11719 38767
409 3301 25657 35803
29 137 9239 62873
37 2179 5227 57601
23 1493 16451 23003
73 2029 6121 11287
71 1583 6869 34511
83 1409 19319 44123
3 37 7369 63313
59 419 2087 43313
239 947 1439 54323
13 2689 10891 42181
1753 1951 3547 41911
7 19 13627 25867
7 1237 2341 18433
7 3019 8941 47497
7 3181 9043 40387
1237 3253 9973 39367
47 251 5147 5273
23 2633 2699 29879
3217 3511 15601 35593
103 1669 6661 20029
389 947 4637 35759
3 11 2069 8747
29 2141 30197 38219
13 19 5077 6043
17 2741 18371 42899
7 3019 31957 40591
467 1571 25253 35753
379 1213 16183 22483
13 61 2383 5431
7 937 5437 53719
7 1249 4441 6949
31 2887 9439 36571
43 499 14281 49663
11 113 1973 10433
349 1237 9973 33637
599 719 23057 41621
7 61 3181 29059
3 229 16339 33349
313 1231 15901 38287
11 2459 10859 21737
7 1399 17317 23167
11 1091 1847 35129
2377 2797 22171 47623
3 3119 9887 36761
1783 2791 8647 23773
1069 2203 9133 11353
2683 2797 5023 37189
59 2903 5927 42509
1523 2909 5813 61343
1321 2917 10267 22129
733 883 991 55621
3 1667 5051 39161
3 1907 14543 56663
17 83 5897 19841
1229 3881 10589 50951
1439 3833 5657 6983
211 283 16699 48157
2897 3209 4721 9257
7 829 2671 3361
113 227 4421 35879
2143 2239 18523 21937
11 23 743 1871
101 2633 2699 65447
167 269 6053 66383
3 1237 1657 64171
71 2909 25673 28949
1021 3529 10069 25561
19 1447 18517 30427
73 547 643 18757
1741 2287 9007 56401
3 331 3637 10771
3 3461 17903 25541
13 709 31489 36457
107 2129 35729 36161
3 59 13763 61979
17 3191 14423 32117
47 2333 5297 6701
1783 2953 3643 4273
7 1237 12409 18433
191 1319 5981 11933
43 2749 12073 44101
743 947 1097 69761
31 1123 2029 2281
19 1657 2791 70201
269 2003 8609 26153
479 593 27449 38327
7 433 1471 3613
61 1753 11839 50377
1301 2393 9551 61211
37 991 2269 3613
11 1217 2843 48761
13 19 8179 28219
727 1279 3463 40231
19 31 181 9679
7 1993 6481 22147
59 1973 4397 11057
811 1723 28183 41959
1117 1201 5167 56473
3 2503 7591 23251
47 2687 8069 14447
17 3137 9923 24413
23 2819 23039 36923
149 563 6581 52697
83 2801 20177 48413
7 61 8941 15973
31 3037 36571 36877
3137 3821 18371 42899
3 2503 7591 11827
71 257 3833 36131
593 4001 7577 29243
23 47 2333 52901
1283 1619 8747 40637
7 61 487 8941
79 1801 3547 43801
43 1867 12157 14029
79 1117 28933 44851
3 7 19237 27823
37 79 967 24967
167 443 9857 10181
383 1721 3359 9677
1223 1433 8297 15329
337 2371 3169 56929
2039 3299 3767 4523
3 11 2213 50159
23 1493 23003 33647
409 3301 13879 44797
127 163 11821 59029
71 1583 5879 32117
17 3137 18371 42899
1171 2161 6337 51421
23 1613 5813 14957
661 1447 13147 50839
467 617 1301 14669
223 2179 4261 16843
109 3943 14083 25153
23 311 677 827
3 17 4583 65129
23 2003 3557 5051
3 3119 14879 19919
3373 3631 8923 14083
